# http://www.minicgi.net/logic/logic.html?num=28933
# left
5 6
4 5
4 5
5 5
5 5
7 6
1 11 8
1 8 14
1 4 3 10 1
2 4 3 2 3
2 3 1 1 3 1
2 2 1 7 2 2
2 1 1 1 1 1 2 2
2 1 3 1 1 2 1 1
2 1 4 1
2 1 1
2 1 3 3
2 1 1 2
2 3 2 2
2 2 3 1
2 4 3
1 2 1 2 2
2 3 1 2 1
1 4 1 2 2 1 1
2 2 2 1 4 1 1 1
3 1 4 1 2 1
4 2 2 3 1 1 2
2 2 3 1 3 1
2 1 2 1 1
2 2 2 1 1

# top
7 3
8 2 2 2
8 5
11
4 1
2 2
2 3
4 3 1
9 2
9 2
8 4
7 4 2 1
9 6 2
10 1 1 1 1 1
2 5 1 2 2
1 1 1 2 1 5 1
1 2 1 1 1 1 2 2
3 2 1 2 1 1 2
3 1 1 2 1
2 2 1 2 1
3 2 2 1 1
4 1 2 1
1 3 1 1 2
1 8 1 3
2 8 5
11 4
9 1 1 2 1
8 3 1 2 2
7 2 1 6
7 2 2
